Information listing created by	
bruno


Date	
04-Dec-2021 18:43:48


Current work part	
C:\Users\bruno\Desktop\proj mcomp\62\62_new_fem.fem


Node name	
laptop-tiemtdga


 
------------------------------------------------------------
 
              ELEMENT INFORMATION
 
------------------------------------------------------------
 
 
ELEMENT INFORMATION
  Label                | Mesh           | Connected Nodes
  1                    | 2d_mesh(1)     | 1 4 5
  2                    | 2d_mesh(1)     | 1 5 2
  3                    | 2d_mesh(1)     | 2 5 3
  4                    | 2d_mesh(1)     | 5 6 3
  5                    | 2d_mesh(1)     | 19 16 11
  6                    | 2d_mesh(1)     | 16 1 11
  7                    | 2d_mesh(1)     | 16 15 1
  8                    | 2d_mesh(1)     | 15 4 1
  9                    | 2d_mesh(1)     | 15 20 4
  10                   | 2d_mesh(1)     | 20 12 4
  11                   | 2d_mesh(1)     | 4 12 13
  12                   | 2d_mesh(1)     | 4 13 5
  13                   | 2d_mesh(1)     | 5 13 6
  14                   | 2d_mesh(1)     | 13 14 6
  15                   | 2d_mesh(1)     | 6 14 18
  16                   | 2d_mesh(1)     | 6 18 7
  17                   | 2d_mesh(1)     | 3 6 7
  18                   | 2d_mesh(1)     | 3 7 8
  19                   | 2d_mesh(1)     | 9 3 8
  20                   | 2d_mesh(1)     | 9 8 17
  21                   | 2d_mesh(1)     | 10 2 9
  22                   | 2d_mesh(1)     | 2 3 9
  23                   | 2d_mesh(1)     | 11 1 2
  24                   | 2d_mesh(1)     | 11 2 10
  25                   | 2d_mesh(2)     | 34 25 21
  26                   | 2d_mesh(2)     | 34 21 31
  27                   | 2d_mesh(2)     | 25 26 22
  28                   | 2d_mesh(2)     | 25 22 21
  29                   | 2d_mesh(2)     | 26 27 23
  30                   | 2d_mesh(2)     | 26 23 22
  31                   | 2d_mesh(2)     | 27 32 24
  32                   | 2d_mesh(2)     | 27 24 23
  33                   | 2d_mesh(2)     | 23 24 33
  34                   | 2d_mesh(2)     | 23 33 28
  35                   | 2d_mesh(2)     | 22 23 28
  36                   | 2d_mesh(2)     | 22 28 29
  37                   | 2d_mesh(2)     | 21 22 29
  38                   | 2d_mesh(2)     | 21 29 30
  39                   | 2d_mesh(2)     | 31 21 30
  40                   | 2d_mesh(2)     | 31 30 35
  41                   | 2d_mesh(3)     | 38 15 16
  42                   | 2d_mesh(3)     | 72 39 71
  43                   | 2d_mesh(3)     | 73 65 40
  44                   | 2d_mesh(3)     | 73 90 65
  45                   | 2d_mesh(3)     | 40 20 15
  46                   | 2d_mesh(3)     | 40 65 20
  47                   | 2d_mesh(3)     | 38 40 15
  48                   | 2d_mesh(3)     | 39 40 38
  49                   | 2d_mesh(3)     | 40 72 73
  50                   | 2d_mesh(3)     | 40 39 72
  51                   | 2d_mesh(3)     | 75 43 74
  52                   | 2d_mesh(3)     | 70 37 69
  53                   | 2d_mesh(3)     | 41 37 70
  54                   | 2d_mesh(3)     | 43 36 42
  55                   | 2d_mesh(3)     | 43 75 36
  56                   | 2d_mesh(3)     | 41 36 37
  57                   | 2d_mesh(3)     | 41 42 36
  58                   | 2d_mesh(3)     | 71 41 70
  59                   | 2d_mesh(3)     | 41 39 42
  60                   | 2d_mesh(3)     | 41 71 39
  61                   | 2d_mesh(3)     | 42 38 43
  62                   | 2d_mesh(3)     | 42 39 38
  63                   | 2d_mesh(3)     | 74 16 19
  64                   | 2d_mesh(3)     | 16 43 38
  65                   | 2d_mesh(3)     | 16 74 43
  66                   | 2d_mesh(3)     | 68 48 67
  67                   | 2d_mesh(3)     | 44 69 37
  68                   | 2d_mesh(3)     | 48 44 45
  69                   | 2d_mesh(3)     | 44 68 69
  70                   | 2d_mesh(3)     | 44 48 68
  71                   | 2d_mesh(3)     | 49 84 85
  72                   | 2d_mesh(3)     | 89 24 50
  73                   | 2d_mesh(3)     | 89 33 24
  74                   | 2d_mesh(3)     | 24 32 51
  75                   | 2d_mesh(3)     | 84 51 32
  76                   | 2d_mesh(3)     | 49 51 84
  77                   | 2d_mesh(3)     | 51 50 24
  78                   | 2d_mesh(3)     | 51 49 50
  79                   | 2d_mesh(3)     | 93 50 53
  80                   | 2d_mesh(3)     | 93 89 50
  81                   | 2d_mesh(3)     | 85 52 49
  82                   | 2d_mesh(3)     | 85 86 52
  83                   | 2d_mesh(3)     | 49 53 50
  84                   | 2d_mesh(3)     | 49 52 53
  85                   | 2d_mesh(3)     | 54 53 52
  86                   | 2d_mesh(3)     | 53 83 93
  87                   | 2d_mesh(3)     | 54 83 53
  88                   | 2d_mesh(3)     | 82 54 47
  89                   | 2d_mesh(3)     | 82 83 54
  90                   | 2d_mesh(3)     | 55 87 88
  91                   | 2d_mesh(3)     | 52 56 54
  92                   | 2d_mesh(3)     | 52 86 56
  93                   | 2d_mesh(3)     | 55 86 87
  94                   | 2d_mesh(3)     | 55 56 86
  95                   | 2d_mesh(3)     | 57 54 56
  96                   | 2d_mesh(3)     | 47 57 46
  97                   | 2d_mesh(3)     | 47 54 57
  98                   | 2d_mesh(3)     | 67 58 66
  99                   | 2d_mesh(3)     | 67 48 58
  100                  | 2d_mesh(3)     | 48 59 58
  101                  | 2d_mesh(3)     | 59 56 58
  102                  | 2d_mesh(3)     | 59 46 57
  103                  | 2d_mesh(3)     | 45 59 48
  104                  | 2d_mesh(3)     | 45 46 59
  105                  | 2d_mesh(3)     | 56 59 57
  106                  | 2d_mesh(3)     | 88 60 55
  107                  | 2d_mesh(3)     | 60 91 66
  108                  | 2d_mesh(3)     | 60 88 91
  109                  | 2d_mesh(3)     | 55 58 56
  110                  | 2d_mesh(3)     | 58 60 66
  111                  | 2d_mesh(3)     | 58 55 60
  112                  | 2d_mesh(3)     | 46 62 47
  113                  | 2d_mesh(3)     | 46 61 62
  114                  | 2d_mesh(3)     | 79 61 78
  115                  | 2d_mesh(3)     | 79 62 61
  116                  | 2d_mesh(3)     | 47 81 82
  117                  | 2d_mesh(3)     | 62 81 47
  118                  | 2d_mesh(3)     | 80 62 79
  119                  | 2d_mesh(3)     | 62 92 81
  120                  | 2d_mesh(3)     | 62 80 92
  121                  | 2d_mesh(3)     | 45 61 46
  122                  | 2d_mesh(3)     | 61 63 78
  123                  | 2d_mesh(3)     | 63 45 44
  124                  | 2d_mesh(3)     | 63 61 45
  125                  | 2d_mesh(3)     | 64 37 36
  126                  | 2d_mesh(3)     | 44 64 63
  127                  | 2d_mesh(3)     | 44 37 64
  128                  | 2d_mesh(3)     | 63 77 78
  129                  | 2d_mesh(3)     | 63 64 77
  130                  | 2d_mesh(3)     | 76 36 75
  131                  | 2d_mesh(3)     | 64 76 77
  132                  | 2d_mesh(3)     | 64 36 76
  133                  | 2d_mesh(4)     | 98 97 94
  134                  | 2d_mesh(4)     | 95 98 94
  135                  | 2d_mesh(4)     | 96 98 95
  136                  | 2d_mesh(4)     | 96 99 98
  137                  | 2d_mesh(4)     | 11 105 19
  138                  | 2d_mesh(4)     | 11 94 105
  139                  | 2d_mesh(4)     | 94 106 105
  140                  | 2d_mesh(4)     | 94 97 106
  141                  | 2d_mesh(4)     | 97 108 106
  142                  | 2d_mesh(4)     | 97 104 108
  143                  | 2d_mesh(4)     | 103 104 97
  144                  | 2d_mesh(4)     | 98 103 97
  145                  | 2d_mesh(4)     | 99 103 98
  146                  | 2d_mesh(4)     | 99 102 103
  147                  | 2d_mesh(4)     | 107 102 99
  148                  | 2d_mesh(4)     | 101 107 99
  149                  | 2d_mesh(4)     | 101 99 96
  150                  | 2d_mesh(4)     | 100 101 96
  151                  | 2d_mesh(4)     | 100 96 9
  152                  | 2d_mesh(4)     | 17 100 9
  153                  | 2d_mesh(4)     | 9 95 10
  154                  | 2d_mesh(4)     | 9 96 95
  155                  | 2d_mesh(4)     | 95 94 11
  156                  | 2d_mesh(4)     | 10 95 11
  157                  | 2d_mesh(5)     | 105 106 111
  158                  | 2d_mesh(5)     | 141 112 140
  159                  | 2d_mesh(5)     | 113 138 139
  160                  | 2d_mesh(5)     | 138 157 139
  161                  | 2d_mesh(5)     | 106 108 113
  162                  | 2d_mesh(5)     | 108 138 113
  163                  | 2d_mesh(5)     | 106 113 111
  164                  | 2d_mesh(5)     | 111 113 112
  165                  | 2d_mesh(5)     | 139 140 113
  166                  | 2d_mesh(5)     | 140 112 113
  167                  | 2d_mesh(5)     | 74 116 75
  168                  | 2d_mesh(5)     | 143 110 142
  169                  | 2d_mesh(5)     | 142 110 114
  170                  | 2d_mesh(5)     | 115 109 116
  171                  | 2d_mesh(5)     | 109 75 116
  172                  | 2d_mesh(5)     | 110 109 114
  173                  | 2d_mesh(5)     | 109 115 114
  174                  | 2d_mesh(5)     | 142 114 141
  175                  | 2d_mesh(5)     | 115 112 114
  176                  | 2d_mesh(5)     | 112 141 114
  177                  | 2d_mesh(5)     | 116 111 115
  178                  | 2d_mesh(5)     | 111 112 115
  179                  | 2d_mesh(5)     | 19 105 74
  180                  | 2d_mesh(5)     | 111 116 105
  181                  | 2d_mesh(5)     | 116 74 105
  182                  | 2d_mesh(5)     | 145 121 144
  183                  | 2d_mesh(5)     | 110 143 117
  184                  | 2d_mesh(5)     | 118 117 121
  185                  | 2d_mesh(5)     | 143 144 117
  186                  | 2d_mesh(5)     | 144 121 117
  187                  | 2d_mesh(5)     | 153 154 122
  188                  | 2d_mesh(5)     | 123 156 155
  189                  | 2d_mesh(5)     | 156 161 155
  190                  | 2d_mesh(5)     | 124 160 156
  191                  | 2d_mesh(5)     | 160 124 154
  192                  | 2d_mesh(5)     | 154 124 122
  193                  | 2d_mesh(5)     | 156 123 124
  194                  | 2d_mesh(5)     | 123 122 124
  195                  | 2d_mesh(5)     | 126 123 159
  196                  | 2d_mesh(5)     | 123 155 159
  197                  | 2d_mesh(5)     | 122 125 153
  198                  | 2d_mesh(5)     | 125 152 153
  199                  | 2d_mesh(5)     | 123 126 122
  200                  | 2d_mesh(5)     | 126 125 122
  201                  | 2d_mesh(5)     | 125 126 127
  202                  | 2d_mesh(5)     | 159 147 126
  203                  | 2d_mesh(5)     | 126 147 127
  204                  | 2d_mesh(5)     | 120 127 148
  205                  | 2d_mesh(5)     | 127 147 148
  206                  | 2d_mesh(5)     | 150 151 128
  207                  | 2d_mesh(5)     | 127 129 125
  208                  | 2d_mesh(5)     | 129 152 125
  209                  | 2d_mesh(5)     | 151 152 128
  210                  | 2d_mesh(5)     | 152 129 128
  211                  | 2d_mesh(5)     | 129 127 130
  212                  | 2d_mesh(5)     | 119 130 120
  213                  | 2d_mesh(5)     | 130 127 120
  214                  | 2d_mesh(5)     | 146 131 145
  215                  | 2d_mesh(5)     | 131 121 145
  216                  | 2d_mesh(5)     | 131 132 121
  217                  | 2d_mesh(5)     | 131 129 132
  218                  | 2d_mesh(5)     | 130 119 132
  219                  | 2d_mesh(5)     | 121 132 118
  220                  | 2d_mesh(5)     | 132 119 118
  221                  | 2d_mesh(5)     | 130 132 129
  222                  | 2d_mesh(5)     | 128 133 150
  223                  | 2d_mesh(5)     | 146 158 133
  224                  | 2d_mesh(5)     | 158 150 133
  225                  | 2d_mesh(5)     | 129 131 128
  226                  | 2d_mesh(5)     | 146 133 131
  227                  | 2d_mesh(5)     | 133 128 131
  228                  | 2d_mesh(5)     | 120 135 119
  229                  | 2d_mesh(5)     | 135 134 119
  230                  | 2d_mesh(5)     | 78 134 79
  231                  | 2d_mesh(5)     | 134 135 79
  232                  | 2d_mesh(5)     | 148 149 120
  233                  | 2d_mesh(5)     | 120 149 135
  234                  | 2d_mesh(5)     | 79 135 80
  235                  | 2d_mesh(5)     | 149 92 135
  236                  | 2d_mesh(5)     | 92 80 135
  237                  | 2d_mesh(5)     | 119 134 118
  238                  | 2d_mesh(5)     | 78 136 134
  239                  | 2d_mesh(5)     | 117 118 136
  240                  | 2d_mesh(5)     | 118 134 136
  241                  | 2d_mesh(5)     | 109 110 137
  242                  | 2d_mesh(5)     | 136 137 117
  243                  | 2d_mesh(5)     | 137 110 117
  244                  | 2d_mesh(5)     | 78 77 136
  245                  | 2d_mesh(5)     | 77 137 136
  246                  | 2d_mesh(5)     | 75 109 76
  247                  | 2d_mesh(5)     | 77 76 137
  248                  | 2d_mesh(5)     | 76 109 137
  249                  | 2d_mesh(6)     | 173 168 162
  250                  | 2d_mesh(6)     | 173 162 171
  251                  | 2d_mesh(6)     | 168 169 163
  252                  | 2d_mesh(6)     | 168 163 162
  253                  | 2d_mesh(6)     | 169 170 164
  254                  | 2d_mesh(6)     | 169 164 163
  255                  | 2d_mesh(6)     | 170 161 156
  256                  | 2d_mesh(6)     | 170 156 164
  257                  | 2d_mesh(6)     | 164 156 160
  258                  | 2d_mesh(6)     | 164 160 165
  259                  | 2d_mesh(6)     | 163 164 165
  260                  | 2d_mesh(6)     | 163 165 166
  261                  | 2d_mesh(6)     | 162 163 166
  262                  | 2d_mesh(6)     | 162 166 167
  263                  | 2d_mesh(6)     | 171 162 167
  264                  | 2d_mesh(6)     | 171 167 172
 
------------------------------------------------------------
 
